[667.7228  650.       76.10925]
[967.1287  614.2857   76.10925]
[758.77106  266.27042   38.054626]
[292.57953  333.5689    45.254833]
[800.3965   479.049     38.054626]
[462.19083  794.3463    45.254833]
[1136.  120.   64.]
[797.17316  650.1767    45.254833]
[324.36975 273.9496   53.81737]
[479.28644   11.887073  38.054626]
[506.00708  524.38165   45.254833]
[1006.  798.   64.]
[304.2017    43.697483  53.81737 ]
[932. 546.  64.]
[304.2017    43.697483  53.81737 ]
[386.52133  796.43384   38.054626]
[833.9223   387.27914   45.254833]
[280.1887  378.79858  90.50967]
[626.75916  675.1857    38.054626]
[1154.7704    674.20496    45.254833]
[479.28644   11.887073  38.054626]
[1110.9541    312.3675     45.254833]
[547.07635  389.89597   38.054626]
[1147.7032     91.872795   45.254833]
[863.2076  655.8304   90.50967]
[499.15967 462.1849   53.81737]
[479.28644   11.887073  38.054626]
[479.28644   11.887073  38.054626]
[732.77313 788.23535  53.81737]
[732.77313 788.23535  53.81737]
[304.2017    43.697483  53.81737 ]
[667.7228  650.       76.10925]
[1154.7704    674.20496    45.254833]
[999.009    130.7578    38.054626]
[499.15967 462.1849   53.81737]
[ 90. 378.  64.]
[1163.251     480.56537    45.254833]
[174.78992     6.7226896 107.63474  ]
[833.9223   387.27914   45.254833]
[731.41724  232.98662   38.054626]
[452.8302  248.76326  90.50967]
[117.31449   97.526505  45.254833]
[699.15967 331.09247  53.81737]
[312.78494  273.40268   38.054626]
[255.69872  565.82465   38.054626]
[1193.2773   742.8572    53.81737]
[ 14.271557 192.57057   38.054626]
[304.2017    43.697483  53.81737 ]
[932. 546.  64.]
[860. 510.  64.]
[667.7228  650.       76.10925]
[479.28644   11.887073  38.054626]
[304.2017    43.697483  53.81737 ]
[1110.9541    312.3675     45.254833]
[1029.9307     55.86924    38.054626]
[506.00708  524.38165   45.254833]
[975.223     13.07578   38.054626]
[338. 628.  64.]
[304.2017    43.697483  53.81737 ]
[600.59467  259.13818   38.054626]
[146.28345  278.1575    38.054626]
[667.1378   600.7067    45.254833]
[976.4123   600.2972    38.054626]
[107.56303 216.80673  53.81737]
[287.39496 531.09247  53.81737]
[581.51263 307.56305  53.81737]
[684.35645 280.9524   76.10925]
[667.7228  650.       76.10925]
[976.4123   600.2972    38.054626]
[128. 316. 128.]
[449.10892 409.5238   76.10925]
[504.59366  248.76326   45.254833]
[860. 510.  64.]
[746.8781   285.28973   38.054626]
[479.28644   11.887073  38.054626]
[581.51263 307.56305  53.81737]
[411.49655  209.21248   38.054626]
[304.2017    43.697483  53.81737 ]
[440.33615 270.58826  53.81737]
[699.15967 331.09247  53.81737]
[783.7463   164.0416    38.054626]
[962.14075  474.2942    38.054626]
[744. 644.  64.]
[667.7228  650.       76.10925]
[462.19083  794.3463    45.254833]
[667.7228  650.       76.10925]
[304.2017    43.697483  53.81737 ]
[893.4654  302.38095  76.10925]
[318.41586 159.52382  76.10925]
[967.1287  614.2857   76.10925]
[667.7228  650.       76.10925]
[1135.8417   600.        76.10925]
[89.19723  43.98217  38.054626]
[479.28644   11.887073  38.054626]
[667.7228  650.       76.10925]
[975.223     13.07578   38.054626]
[127.731094 625.21014  107.63474 ]
[837.73584 265.7244   90.50967]
[975.223     13.07578   38.054626]
[975.223     13.07578   38.054626]
